1	12	7.9898
1	14	13.9597
1	15	21.6582
1	17	16.3058
1	25	13.0137
1	29	9.2746
1	31	7.0364
1	35	22.8247
1	50	9.4152
1	58	24.9017
1	62	18.1419
1	70	11.3549
1	78	12.7475
1	87	24.5604
2	9	18.4748
2	23	24.9061
2	26	8.6206
2	28	15.1313
2	32	4.2216
2	39	13.1009
2	41	18.9292
2	47	22.2462
2	57	19.3334
2	60	16.2805
2	68	15.8325
2	72	6.2968
2	75	8.3698
2	77	14.9936
2	79	11.3388
2	82	22.1539
2	85	6.0726
2	90	20.6113
2	93	2.4961
2	99	20.8856
3	8	20.3405
3	11	10.2788
3	15	17.2871
3	19	13.9465
3	40	8.3055
3	58	8.5144
3	62	12.9178
3	70	21.6995
3	74	14.5159
3	80	13.6790
3	92	8.9194
3	99	22.9438
4	20	4.4589
4	22	19.2068
4	24	9.6450
4	39	24.3281
4	41	18.6449
4	49	17.8476
4	59	11.7333
4	60	16.8618
4	66	9.7571
4	75	24.7596
4	82	10.9769
4	83	7.1987
4	84	18.8459
4	94	19.1348
5	6	8.2540
5	34	13.8359
5	36	3.5031
5	42	9.1180
5	44	23.7779
5	46	19.8070
5	73	7.8766
5	76	11.5949
5	86	12.6993
5	95	13.0375
6	34	5.6492
6	36	4.8054
6	42	1.7732
6	44	19.9662
6	46	17.1980
6	73	4.9468
6	76	12.3245
6	84	20.8088
6	86	7.8660
6	91	21.1367
6	95	5.6520
7	9	17.6657
7	10	22.7855
7	17	23.3221
7	35	24.2545
7	37	16.4846
7	45	17.5731
7	47	19.6717
7	48	21.8331
7	69	8.2481
7	77	22.7930
7	88	15.5683
7	89	19.6588
7	98	24.7195
8	19	11.6630
8	26	22.7013
8	58	21.8006
8	68	20.7890
8	80	8.3182
8	92	18.3983
8	99	9.7741
9	17	21.5666
9	26	24.9629
9	32	20.7079
9	41	22.0021
9	47	14.4652
9	48	21.8845
9	68	16.3911
9	69	22.8445
9	72	22.8317
9	75	21.4985
9	77	10.6361
9	85	14.8562
9	90	11.8897
9	93	18.5781
10	12	21.7005
10	25	19.6817
10	27	16.1908
10	35	5.2399
10	37	14.8107
10	50	20.5904
10	51	11.1938
10	53	22.7339
10	56	24.0940
10	64	17.5456
10	69	14.7015
10	87	14.8255
11	14	18.3660
11	15	19.8659
11	19	22.6991
11	40	6.1992
11	58	12.6536
11	62	9.5548
11	70	14.0629
11	74	7.6954
11	80	23.4057
11	92	15.5054
12	14	19.8001
12	17	18.8697
12	25	5.1562
12	27	20.1741
12	29	11.4969
12	31	11.3708
12	35	16.4793
12	50	1.4319
12	70	19.1128
12	78	8.5546
12	87	16.5712
13	18	4.1652
13	21	21.6218
13	37	17.1263
13	43	14.4129
13	45	16.1679
13	51	19.8475
13	61	6.2205
13	63	20.9323
13	65	15.1199
13	88	18.9818
13	89	15.0902
13	96	9.1498
13	97	19.3299
13	100	17.4633
14	25	23.3860
14	29	9.6560
14	31	19.5865
14	40	24.1692
14	50	21.0693
14	62	17.3489
14	70	8.0577
14	74	21.4825
14	78	18.1436
15	17	14.4160
15	19	13.5892
15	31	16.8222
15	40	23.1208
15	58	8.8204
15	62	11.4429
15	68	16.8095
15	70	18.8645
15	80	17.2848
15	90	13.9444
15	92	9.3282
15	99	20.3173
16	23	20.3538
16	26	19.3101
16	28	15.3837
16	30	22.2006
16	38	16.6577
16	39	22.5450
16	55	23.7842
16	57	19.1511
16	71	19.4421
16	72	24.8491
16	79	15.2125
16	81	16.4827
17	25	22.9313
17	31	9.2798
17	35	21.7285
17	50	19.5140
17	58	22.4855
17	62	20.6901
17	68	23.5797
17	69	20.1201
17	70	21.7551
17	90	15.9438
17	92	23.6931
18	37	14.5773
18	43	16.0591
18	45	17.2009
18	51	15.8301
18	53	23.6481
18	56	22.8662
18	61	3.6495
18	65	18.1078
18	88	19.8526
18	89	16.5903
18	96	12.4373
18	97	23.2689
18	100	18.4953
19	26	24.6456
19	40	22.2373
19	58	11.3649
19	62	19.2797
19	68	14.5786
19	80	3.9701
19	85	23.5168
19	90	18.6934
19	92	7.8100
19	99	9.3775
20	22	22.4989
20	24	10.0885
20	41	23.0144
20	49	15.9448
20	59	13.5891
20	60	20.4966
20	66	11.5712
20	82	14.6635
20	83	11.2821
20	84	20.5676
20	94	18.4682
21	44	14.4300
21	45	22.1055
21	46	19.0677
21	54	7.3235
21	63	3.9038
21	65	19.7825
21	67	19.2367
21	86	23.6801
21	88	23.7413
21	89	20.0543
21	91	17.8121
21	96	14.7484
21	97	3.6838
22	24	15.0771
22	34	20.6274
22	41	18.7906
22	47	21.1912
22	48	14.7799
22	49	22.6366
22	59	10.4680
22	60	24.7256
22	66	11.9221
22	67	18.5363
22	82	21.6238
22	83	18.9029
22	84	8.7905
22	91	19.0956
22	95	20.2589
22	98	12.1558
23	26	24.6118
23	28	11.1108
23	30	8.3266
23	32	21.5727
23	38	9.5525
23	39	12.4537
23	55	4.8676
23	57	5.5727
23	60	19.9256
23	71	16.4705
23	72	19.3358
23	75	20.8026
23	79	17.0087
23	81	8.7762
23	82	20.6842
23	83	23.3313
23	94	9.4730
24	41	23.7687
24	49	9.9134
24	59	4.6385
24	60	24.8042
24	66	3.3575
24	82	19.2418
24	83	15.1426
24	84	10.7768
25	27	15.2586
25	29	14.1259
25	31	16.2872
25	35	14.7651
25	50	3.8731
25	70	23.8136
25	78	7.6917
25	87	11.7559
26	28	13.5079
26	32	10.9708
26	39	15.7653
26	57	19.4675
26	60	22.8828
26	68	15.8329
26	72	11.7049
26	75	15.3919
26	77	23.4463
26	79	7.6666
26	85	10.1236
26	90	23.1280
26	93	6.9740
26	99	15.6272
27	35	14.9045
27	50	18.7549
27	51	21.3173
27	53	20.8128
27	56	22.7618
27	64	14.1429
27	78	20.1806
27	87	3.6755
28	30	18.2804
28	32	12.8586
28	38	16.1289
28	39	7.1643
28	55	15.9771
28	57	6.2659
28	60	17.7297
28	71	22.9275
28	72	11.0583
28	75	14.2117
28	79	5.9057
28	81	15.3446
28	82	21.4924
28	85	20.5201
28	93	15.9429
28	94	19.1348
29	31	16.3099
29	50	12.5119
29	62	22.7149
29	70	13.1940
29	78	8.5162
30	38	5.8589
30	39	20.7585
30	55	5.4448
30	57	13.7219
30	71	10.0205
30	79	23.8956
30	81	5.7945
30	94	11.8906
31	35	21.1356
31	50	12.4458
31	58	22.2015
31	62	17.2228
31	70	14.3484
31	78	18.6607
31	90	23.9517
31	92	24.6241
32	39	9.3279
32	41	16.1897
32	47	21.6341
32	57	16.0478
32	60	12.3412
32	68	20.0291
32	72	2.2819
32	75	4.5081
32	77	14.9555
32	79	10.6828
32	82	18.1583
32	83	22.1719
32	85	10.1709
32	90	24.4019
32	93	6.5686
32	99	24.7791
33	52	3.9343
33	53	14.7602
33	56	13.1083
33	64	21.3534
33	100	24.0777
34	36	10.4410
34	42	5.5446
34	44	20.1801
34	46	18.6302
34	59	23.8777
34	67	20.1630
34	73	9.3376
34	76	16.3198
34	84	16.7700
34	86	9.4852
34	91	16.2494
34	95	2.9254
35	37	19.3887
35	50	15.3980
35	51	16.3452
35	64	20.3900
35	69	16.0248
35	78	22.4559
35	87	12.4809
36	42	5.6204
36	44	21.4707
36	46	17.8680
36	73	5.0548
36	76	10.7193
36	84	24.4698
36	86	9.7938
36	95	9.9526
37	45	14.3017
37	51	10.7878
37	61	17.2807
37	64	24.4432
37	69	12.7912
37	88	15.1975
37	89	15.5652
37	96	19.1593
38	39	20.5144
38	55	9.6180
38	57	13.4751
38	71	7.1693
38	79	21.0501
38	81	0.8412
38	94	16.5618
39	41	18.2553
39	55	16.7400
39	57	7.1481
39	60	10.5679
39	72	7.0471
39	75	8.4741
39	77	22.1002
39	79	10.0981
39	81	19.6742
39	82	14.5671
39	83	18.5177
39	85	19.1628
39	93	14.9099
39	94	17.1188
40	58	14.6521
40	62	14.6155
40	70	20.2618
40	74	6.3377
40	80	21.8678
40	92	16.4110
41	47	11.7089
41	48	14.2291
41	57	24.4075
41	59	21.6392
41	60	8.4061
41	66	21.0885
41	72	16.1671
41	75	12.1270
41	77	11.3675
41	82	10.2541
41	83	11.9614
41	85	22.3887
41	93	21.2992
41	98	20.0134
42	44	18.2055
42	46	15.5231
42	67	24.3434
42	73	3.9248
42	76	11.2357
42	84	21.6497
42	86	6.1273
42	91	20.0823
42	95	6.4139
43	61	13.7561
43	63	22.4893
43	65	6.3585
43	96	20.5199
43	100	3.7777
44	46	4.6740
44	54	12.5403
44	63	15.6851
44	67	23.8345
44	73	16.4451
44	76	13.6543
44	86	12.1240
44	91	19.9719
44	95	22.8614
44	97	17.2767
45	48	24.3370
45	51	24.1776
45	61	20.8345
45	63	24.1890
45	67	18.1239
45	69	20.5664
45	88	2.8429
45	89	2.0932
45	91	21.6479
45	96	10.4922
45	97	18.4337
45	98	21.7651
46	54	16.9581
46	63	20.3399
46	73	13.0238
46	76	9.1025
46	86	9.4788
46	91	22.1492
46	95	21.0060
46	97	21.7949
47	48	7.8998
47	60	19.4003
47	72	22.7794
47	75	19.3408
47	77	7.4357
47	82	21.9498
47	83	23.1805
47	85	22.6183
47	88	24.9921
47	93	23.8896
47	98	15.0286
48	59	23.7102
48	60	22.6295
48	66	24.4108
48	67	18.0517
48	75	24.9426
48	77	15.0945
48	82	23.2064
48	83	23.0345
48	84	23.5686
48	88	21.6595
48	91	21.5953
48	98	7.1974
49	59	13.0496
49	66	12.8441
49	83	24.4365
49	84	15.1034
49	95	24.3456
50	70	20.5402
50	78	8.5536
50	87	15.1455
51	52	24.7606
51	53	15.6440
51	56	16.2854
51	61	16.3615
51	64	13.6909
51	69	19.6580
51	87	21.8255
51	89	24.9861
52	53	10.8428
52	56	9.2408
52	61	23.8568
52	64	17.4195
53	56	1.9540
53	61	21.5326
53	64	6.7949
53	87	23.6208
54	63	5.0852
54	65	19.0256
54	86	24.1463
54	91	23.6394
54	96	20.6128
54	97	10.9058
55	57	10.2845
55	60	22.7110
55	71	15.2789
55	72	23.7565
55	75	24.8032
55	79	21.8716
55	81	9.1130
55	82	22.2751
55	83	24.2157
55	94	6.9439
56	61	20.5239
56	64	8.7080
57	60	16.1225
57	71	20.6443
57	72	13.8342
57	75	15.6187
57	79	12.0626
57	81	12.6342
57	82	18.2871
57	83	21.6230
57	93	20.7010
57	94	12.8700
58	62	7.9978
58	68	21.7495
58	70	17.8007
58	74	19.6472
58	80	13.5577
58	90	21.5722
58	92	3.5631
58	99	20.5308
59	60	24.2163
59	66	2.0320
59	82	19.1894
59	83	15.2720
59	84	7.1242
59	95	22.2315
59	98	22.5033
60	66	23.0075
60	72	11.1800
60	75	7.9141
60	77	16.4173
60	79	19.5974
60	82	5.8875
60	83	9.8355
60	85	21.4796
60	93	18.7613
60	94	19.6194
61	64	24.6987
61	65	16.9514
61	88	23.4986
61	89	20.1666
61	96	15.3042
61	100	15.6906
62	70	9.8189
62	74	17.2083
62	80	21.5398
62	92	11.5394
63	65	16.6073
63	67	23.0861
63	89	22.0984
63	91	21.7123
63	96	15.5276
63	97	6.6462
64	87	16.8382
65	96	18.3054
65	97	20.1316
65	100	9.4627
66	82	17.7676
66	83	13.7606
66	84	9.1405
66	95	24.1784
66	98	23.7423
67	84	23.5302
67	86	23.1980
67	88	17.1690
67	89	17.4138
67	91	4.4897
67	95	22.2528
67	96	21.0708
67	97	16.9516
67	98	11.1594
68	72	22.1207
68	75	23.7205
68	77	22.1065
68	79	23.2520
68	80	17.4478
68	85	9.9401
68	90	8.2794
68	92	19.2121
68	93	13.7809
68	99	11.1988
69	88	19.5399
69	89	22.5645
70	74	19.7364
70	78	20.9592
70	92	21.3162
71	81	8.0102
71	94	21.9111
72	75	4.0401
72	77	16.4581
72	79	9.8113
72	82	16.8247
72	83	20.9007
72	85	12.3430
72	93	8.4522
72	94	23.9399
73	76	7.3882
73	86	4.8284
73	91	22.3231
73	95	10.3170
74	92	21.9714
75	77	13.6404
75	79	13.7816
75	82	13.7841
75	83	17.7454
75	85	13.7868
75	93	10.8473
75	94	23.8316
76	86	7.9173
76	95	17.6481
77	82	20.7019
77	83	23.1500
77	85	15.2265
77	90	20.9401
77	93	16.5082
77	98	22.2910
78	87	17.2903
79	81	20.3321
79	82	24.4043
79	85	15.8032
79	93	11.3810
79	94	24.8596
79	99	22.8471
80	90	22.3846
80	92	10.1016
80	99	9.5898
81	94	16.0458
82	83	4.1008
82	93	24.6278
82	94	17.5735
83	84	21.6804
83	94	18.6499
84	91	22.4234
84	95	15.2441
84	98	20.2310
85	90	14.6834
85	93	4.5789
85	99	16.9513
86	91	18.7119
86	95	11.6161
88	89	4.5384
88	91	21.0490
88	96	13.1545
88	97	20.0592
88	98	19.5135
89	91	20.6469
89	96	8.6183
89	97	16.3901
89	98	22.1474
90	92	20.2188
90	93	19.2364
90	99	18.6699
91	95	18.5777
91	96	22.8361
91	97	16.3117
91	98	14.4397
92	99	17.0418
93	99	18.3895
96	97	11.6299
96	100	24.1492
